 Input SVG file /Users/frankspear/Fortran_15/Gibbs4MDF/Grid maker/Model_3.txt                                                                                                                                                                                                   
 --------------------------------
  Segments 
   75       = numSegs
          x1                y1                x2              y2       length
    1     1.00000000   295.36700000   109.20800000   294.95800000   108.20877296
    2   171.66700000   236.33300000   145.62500000   254.70800000    31.87203145
    3   184.33300000   281.33300000   165.66600000   295.66600000    23.53490552
    4   139.58300000   257.54100000    85.33300000   267.83300000    55.21763997
    5    56.83300000   234.33300000   104.66600000   226.66600000    48.44356281
    6     1.00000000   205.66600000     1.00000000   242.83300000    37.16700000
    7    18.83300000   236.34300000     1.00000000   242.83300000    18.97724925
    8    34.83300000   235.83300000    18.83300000   236.34300000    16.00812606
    9    38.83300000   266.16600000     1.00000000   295.36700000    47.79157133
   10    62.83300000   216.33300000   104.66600000   226.66600000    43.09026315
   11    53.00000000   201.66600000    56.83300000   211.33300000    10.39917199
   12    85.33300000   267.83300000   109.20800000   294.95800000    36.13559533
   13    64.33300000   171.83300000    77.50000000   187.83300000    20.72124246
   14     1.00000000   154.83300000    59.76400000   169.43700000    60.55150297
   15    54.83300000   218.33300000    62.83300000   216.33300000     8.24621125
   16    56.83300000   211.33300000    54.83300000   218.33300000     7.28010989
   17    56.83300000   211.33300000    62.83300000   216.33300000     7.81024968
   18   162.50000000   258.50000000   186.16700000   267.50000000    25.32048359
   19   146.79100000   257.12500000   162.50000000   258.50000000    15.76906167
   20   162.50000000   258.50000000   183.80100000   240.26700000    28.03881042
   21   214.61800000   266.40400000   186.16700000   267.50000000    28.47210243
   22    77.50000000   187.83300000   109.00000000   184.33300000    31.69384798
   23    53.00000000   201.66600000    77.50000000   187.83300000    28.13542054
   24    43.83300000   251.83300000    56.83300000   234.33300000    21.80022936
   25     1.00000000   295.36700000     1.00000000   242.83300000    52.53400000
   26     1.00000000   205.66600000    53.00000000   201.66600000    52.15361924
   27   129.17000000   200.09200000   109.00000000   184.33300000    25.59638609
   28   136.33000000   222.95600000   129.17000000   200.09200000    23.95888345
   29   215.89500000   295.58300000   245.00000000   294.99900000    29.11085847
   30   165.66600000   295.66600000   215.89500000   295.58300000    50.22906858
   31   109.20800000   294.95800000   165.66600000   295.66600000    56.46243909
   32   184.33300000   281.33300000   215.89500000   295.58300000    34.62978983
   33   214.61800000   266.40400000   245.00000000   294.99900000    41.72217575
   34   211.89100000   252.26800000   214.61800000   266.40400000    14.39663242
   35   197.43400000   240.68200000   211.89100000   252.26800000    18.52674405
   36   183.80100000   240.26700000   197.43400000   240.68200000    13.63931501
   37   171.66700000   236.33300000   183.80100000   240.26700000    12.75579523
   38     1.00000000   205.66600000     1.00000000   154.83300000    50.83300000
   39   163.43800000   228.14100000   171.66700000   236.33300000    11.61142993
   40   136.33000000   222.95600000   163.43800000   228.14100000    27.59941827
   41   104.66600000   226.66600000   136.33000000   222.95600000    31.88060533
   42    85.33300000   267.83300000    38.83300000   266.16600000    46.52987093
   43   184.33300000   281.33300000   186.16700000   267.50000000    13.95404762
   44    38.83300000   266.16600000    43.83300000   251.83300000    15.18008198
   45    43.83300000   251.83300000    34.83300000   235.83300000    18.35755975
   46    34.83300000   235.83300000    56.83300000   234.33300000    22.05107707
   47   245.00000000   250.45800000   211.89100000   252.26800000    33.15843755
   48   213.94700000   224.14200000   245.00000000   223.45900000    31.06051027
   49   197.43400000   240.68200000   213.94700000   224.14200000    23.37200824
   50   245.00000000   250.45800000   245.00000000   223.45900000    26.99900000
   51   245.00000000   223.45900000   245.00000000   154.83300000    68.62600000
   52   171.40100000   181.55500000   156.33300000   191.83300000    18.23956984
   53   179.95800000   155.58300000   171.40100000   181.55500000    27.34532927
   54    64.33300000   171.83300000    59.76400000   169.43700000     5.15912560
   55    64.33300000   171.83300000    62.79700000   167.07700000     4.99788275
   56    62.79700000   167.07700000    59.76400000   169.43700000     3.84300520
   57   199.92800000   192.56800000   245.00000000   154.83300000    58.78278157
   58   245.00000000   154.83300000   179.95800000   155.58300000    65.04632399
   59   195.95800000   193.20800000   171.40100000   181.55500000    27.18158675
   60   213.94700000   224.14200000   199.45800000   196.77100000    30.96938427
   61   163.43800000   228.14100000   156.33300000   191.83300000    36.99664700
   62   129.17000000   200.09200000   156.33300000   191.83300000    28.39083743
   63   245.00000000   294.99900000   245.00000000   250.45800000    44.54100000
   64   179.95800000   155.58300000   114.95800000   154.83300000    65.00432678
   65   114.95800000   154.83300000   109.00000000   184.33300000    30.09564361
   66   114.95800000   154.83300000    58.45800000   154.33300000    56.50221235
   67    62.79700000   167.07700000    58.45800000   154.33300000    13.46240903
   68    58.45800000   154.33300000     1.00000000   154.83300000    57.46017546
   69    54.83300000   218.33300000    18.83300000   236.34300000    40.25369672
   70   139.58300000   257.54100000   146.79100000   257.12500000     7.21999446
   71   139.58300000   257.54100000   145.62500000   254.70800000     6.67320410
   72   145.62500000   254.70800000   146.79100000   257.12500000     2.68355082
   73   195.95800000   193.20800000   199.45800000   196.77100000     4.99449387
   74   199.92800000   192.56800000   199.45800000   196.77100000     4.22919721
   75   195.95800000   193.20800000   199.92800000   192.56800000     4.02125602
   1.00000000000000  245.000000000000  = minX, maxX 
   154.333000000000  295.666000000000  = minY, maxY 
 --------------------------------
  Nodes 
   50       = numNodes
 node      NodeX       NodeY   numNodeSegs     nodeNodeConnect   nodeSegConnect nodeSegEnd
    1       1.000     295.367    3         2    1 1        12   25 1        15    9 2
    2     109.208     294.958    3         1    1 2         8   12 2         6   31 1
    3     171.667     236.333    3         4    2 1        37   39 2        27   37 1
    4     145.625     254.708    3         3    2 2        26   72 1         7   71 2
    5     184.333     281.333    3         6    3 1        25   43 1        33   32 1
    6     165.666     295.666    3         5    3 2        33   30 1         2   31 2
    7     139.583     257.541    3         8    4 1         4   71 1        26   70 1
    8      85.333     267.833    3         7    4 2         2   12 1        15   42 1
    9      56.833     234.333    3        10    5 1        30   24 2        14   46 2
   10     104.666     226.666    3         9    5 2        16   10 2        32   41 1
   11       1.000     205.666    3        12    6 1        21   38 1        17   26 1
   12       1.000     242.833    3        11    6 2        13    7 2         1   25 2
   13      18.833     236.343    3        12    7 1        23   69 2        14    8 2
   14      34.833     235.833    3        13    8 1         9   46 1        30   45 2
   15      38.833     266.166    3         1    9 1        30   44 1         8   42 2
   16      62.833     216.333    3        10   10 1        23   15 2        18   17 2
   17      53.000     201.666    3        18   11 1        11   26 2        20   23 1
   18      56.833     211.333    3        17   11 2        16   17 1        23   16 1
   19      64.333     171.833    3        20   13 1        22   54 1        45   55 1
   20      77.500     187.833    3        19   13 2        29   22 1        17   23 2
   21       1.000     154.833    3        22   14 1        11   38 2        50   68 2
   22      59.764     169.437    3        21   14 2        45   56 2        19   54 2
   23      54.833     218.333    3        16   15 1        13   69 1        18   16 2
   24     162.500     258.500    3        25   18 1        26   19 2        27   20 1
   25     186.167     267.500    3        24   18 2        28   21 2         5   43 2
   26     146.791     257.125    3        24   19 1         7   70 2         4   72 2
   27     183.801     240.267    3        24   20 2         3   37 2        36   36 1
   28     214.618     266.404    3        25   21 1        35   34 2        34   33 1
   29     109.000     184.333    3        20   22 2        49   65 2        31   27 2
   30      43.833     251.833    3         9   24 1        15   44 2        14   45 1
   31     129.170     200.092    3        29   27 1        43   62 1        32   28 2
   32     136.330     222.956    3        31   28 1        37   40 1        10   41 2
   33     215.895     295.583    3        34   29 1         6   30 2         5   32 2
   34     245.000     294.999    3        33   29 2        28   33 2        38   63 1
   35     211.891     252.268    3        28   34 1        36   35 2        38   47 2
   36     197.434     240.682    3        35   35 1        27   36 2        39   49 1
   37     163.438     228.141    3         3   39 1        32   40 2        43   61 1
   38     245.000     250.458    3        35   47 1        40   50 1        34   63 2
   39     213.947     224.142    3        40   48 1        36   49 2        48   60 1
   40     245.000     223.459    3        39   48 2        41   51 1        38   50 2
   41     245.000     154.833    3        40   51 2        46   57 2        44   58 1
   42     171.401     181.555    3        43   52 1        44   53 2        47   59 2
   43     156.333     191.833    3        42   52 2        37   61 2        31   62 2
   44     179.958     155.583    3        42   53 1        49   64 1        41   58 2
   45      62.797     167.077    3        19   55 2        22   56 1        50   67 1
   46     199.928     192.568    3        41   57 1        48   74 1        47   75 2
   47     195.958     193.208    3        42   59 1        46   75 1        48   73 1
   48     199.458     196.771    3        39   60 2        47   73 2        46   74 2
   49     114.958     154.833    3        44   64 2        29   65 1        50   66 1
   50      58.458     154.333    3        49   66 2        45   67 2        21   68 1
 --------------------------------
  Nodes at ends of segments and segment xy 
  Seg   SegNode1   segX    segY      SegNode2     segX     segY 
    1    1       1.000     295.367    2     109.208     294.958
    2    3     171.667     236.333    4     145.625     254.708
    3    5     184.333     281.333    6     165.666     295.666
    4    7     139.583     257.541    8      85.333     267.833
    5    9      56.833     234.333   10     104.666     226.666
    6   11       1.000     205.666   12       1.000     242.833
    7   13      18.833     236.343   12       1.000     242.833
    8   14      34.833     235.833   13      18.833     236.343
    9   15      38.833     266.166    1       1.000     295.367
   10   16      62.833     216.333   10     104.666     226.666
   11   17      53.000     201.666   18      56.833     211.333
   12    8      85.333     267.833    2     109.208     294.958
   13   19      64.333     171.833   20      77.500     187.833
   14   21       1.000     154.833   22      59.764     169.437
   15   23      54.833     218.333   16      62.833     216.333
   16   18      56.833     211.333   23      54.833     218.333
   17   18      56.833     211.333   16      62.833     216.333
   18   24     162.500     258.500   25     186.167     267.500
   19   26     146.791     257.125   24     162.500     258.500
   20   24     162.500     258.500   27     183.801     240.267
   21   28     214.618     266.404   25     186.167     267.500
   22   20      77.500     187.833   29     109.000     184.333
   23   17      53.000     201.666   20      77.500     187.833
   24   30      43.833     251.833    9      56.833     234.333
   25    1       1.000     295.367   12       1.000     242.833
   26   11       1.000     205.666   17      53.000     201.666
   27   31     129.170     200.092   29     109.000     184.333
   28   32     136.330     222.956   31     129.170     200.092
   29   33     215.895     295.583   34     245.000     294.999
   30    6     165.666     295.666   33     215.895     295.583
   31    2     109.208     294.958    6     165.666     295.666
   32    5     184.333     281.333   33     215.895     295.583
   33   28     214.618     266.404   34     245.000     294.999
   34   35     211.891     252.268   28     214.618     266.404
   35   36     197.434     240.682   35     211.891     252.268
   36   27     183.801     240.267   36     197.434     240.682
   37    3     171.667     236.333   27     183.801     240.267
   38   11       1.000     205.666   21       1.000     154.833
   39   37     163.438     228.141    3     171.667     236.333
   40   32     136.330     222.956   37     163.438     228.141
   41   10     104.666     226.666   32     136.330     222.956
   42    8      85.333     267.833   15      38.833     266.166
   43    5     184.333     281.333   25     186.167     267.500
   44   15      38.833     266.166   30      43.833     251.833
   45   30      43.833     251.833   14      34.833     235.833
   46   14      34.833     235.833    9      56.833     234.333
   47   38     245.000     250.458   35     211.891     252.268
   48   39     213.947     224.142   40     245.000     223.459
   49   36     197.434     240.682   39     213.947     224.142
   50   38     245.000     250.458   40     245.000     223.459
   51   40     245.000     223.459   41     245.000     154.833
   52   42     171.401     181.555   43     156.333     191.833
   53   44     179.958     155.583   42     171.401     181.555
   54   19      64.333     171.833   22      59.764     169.437
   55   19      64.333     171.833   45      62.797     167.077
   56   45      62.797     167.077   22      59.764     169.437
   57   46     199.928     192.568   41     245.000     154.833
   58   41     245.000     154.833   44     179.958     155.583
   59   47     195.958     193.208   42     171.401     181.555
   60   39     213.947     224.142   48     199.458     196.771
   61   37     163.438     228.141   43     156.333     191.833
   62   31     129.170     200.092   43     156.333     191.833
   63   34     245.000     294.999   38     245.000     250.458
   64   44     179.958     155.583   49     114.958     154.833
   65   49     114.958     154.833   29     109.000     184.333
   66   49     114.958     154.833   50      58.458     154.333
   67   45      62.797     167.077   50      58.458     154.333
   68   50      58.458     154.333   21       1.000     154.833
   69   23      54.833     218.333   13      18.833     236.343
   70    7     139.583     257.541   26     146.791     257.125
   71    7     139.583     257.541    4     145.625     254.708
   72    4     145.625     254.708   26     146.791     257.125
   73   47     195.958     193.208   48     199.458     196.771
   74   46     199.928     192.568   48     199.458     196.771
   75   47     195.958     193.208   46     199.928     192.568
 --------------------------------
  Polygon list
   26  = numPolys 
  Poly   num    PolyNodes PolySegs
    1    4    1    1         2   12         8   42        15    9
    2    6    1    9        15   44        30   45        14    8        13    7        12   25
    3    8    2   31         6    3         5   43        25   18        24   19        26   70         7    4         8   12
    4    5    3    2         4   72        26   19        24   20        27   37
    5   10    3   39        37   40        32   41        10    5         9   24        30   44        15   42         8    4         7   71         4    2
    6    9    3   37        27   36        36   49        39   60        48   73        47   59        42   52        43   61        37   39
    7    3    4   71         7   70        26   72
    8    3    5    3         6   30        33   32
    9    5    5   32        33   29        34   33        28   21        25   43
   10    6    9    5        10   10        16   15        23   69        13    8        14   46
   11    3    9   46        14   45        30   24
   12    8   10   41        32   28        31   27        29   22        20   23        17   11        18   17        16   10
   13    6   11    6        12    7        13   69        23   16        18   11        17   26
   14    6   11   26        17   23        20   13        19   54        22   14        21   38
   15    3   16   17        18   16        23   15
   16    6   19   13        20   22        29   65        49   66        50   67        45   55
   17    3   19   55        45   56        22   54
   18    4   21   14        22   56        45   67        50   68
   19    6   24   18        25   21        28   34        35   35        36   36        27   20
   20    4   28   33        34   63        38   47        35   34
   21    6   29   27        31   62        43   52        42   53        44   64        49   65
   22    4   31   28        32   40        37   61        43   62
   23    5   35   47        38   50        40   48        39   49        36   35
   24    5   39   48        40   51        41   57        46   74        48   60
   25    5   41   58        44   53        42   59        47   75        46   57
   26    3   46   75        47   73        48   74
 --------------------------------
  Center of Polys 
  Poly    Xcenter    Ycenter
    1      57.546     282.929
    2      18.892     259.973
    3     139.364     276.780
    4     164.703     248.226
    5     102.826     245.637
    6     183.092     212.893
    7     144.000     256.458
    8     188.631     290.861
    9     211.155     281.203
   10      60.895     227.139
   11      45.166     240.666
   12      96.496     206.261
   13      24.704     218.407
   14      31.815     182.685
   15      58.166     215.333
   16      88.089     169.034
   17      62.298     169.449
   18      40.838     159.752
   19     191.069     255.153
   20     232.014     266.931
   21     142.009     174.032
   22     147.260     210.403
   23     224.718     237.985
   24     227.058     196.041
   25     201.761     170.304
   26     198.448     194.182
 --------------------------------
